<?xml version="1.0"?>
<opencv_storage>
<calibration_Time>"jeu. 24 janv. 2019 10:16:44 CET"</calibration_Time>
<nrOfFrames>25</nrOfFrames>
<image_Width>640</image_Width>
<image_Height>480</image_Height>
<board_Width>9</board_Width>
<board_Height>6</board_Height>
<square_Size>25.</square_Size>
<FixAspectRatio>1.</FixAspectRatio>
<!-- flags:  +fix_aspectRatio +fix_principal_point -->
<flagValue>6</flagValue>
<Camera_Matrix type_id="opencv-matrix">
  <rows>3</rows>
  <cols>3</cols>
  <dt>d</dt>
  <data>
    7.3511465603235149e+02 0. 320. 0. 7.3511465603235149e+02 240. 0. 0.
    1.</data></Camera_Matrix>
<Distortion_Coefficients type_id="opencv-matrix">
  <rows>5</rows>
  <cols>1</cols>
  <dt>d</dt>
  <data>
    1.5169294792417021e-01 -2.0406333610274023e+00
    2.2496755887976999e-03 4.4216069796692492e-03 4.9738117071505066e+00</data></Distortion_Coefficients>
<Avg_Reprojection_Error>1.5431433495841251e+00</Avg_Reprojection_Error>
<Per_View_Reprojection_Errors type_id="opencv-matrix">
  <rows>25</rows>
  <cols>1</cols>
  <dt>f</dt>
  <data>
    2.89797485e-01 1.58893931e+00 6.30887210e-01 3.77892196e-01
    5.32377481e-01 5.00358522e-01 1.32860017e+00 1.05453956e+00
    4.30141777e-01 4.39285815e-01 1.83424771e+00 7.72267997e-01
    3.18285435e-01 3.75630736e-01 5.50853193e-01 4.76103246e-01
    3.87934715e-01 4.13584828e-01 6.51898575e+00 1.32777429e+00
    9.08947468e-01 7.09634125e-01 3.99330497e-01 1.01734984e+00
    8.68577003e-01</data></Per_View_Reprojection_Errors>
<!-- a set of 6-tuples (rotation vector + translation vector) for each view -->
<Extrinsic_Parameters type_id="opencv-matrix">
  <rows>25</rows>
  <cols>6</cols>
  <dt>d</dt>
  <data>
    -1.6304169539479707e-01 8.2445742427672788e-02
    6.7667248849784575e-02 -9.3085850615365473e+01
    -1.1156936793060115e+02 3.5460420607270373e+02
    -1.8626633514118635e-01 4.9630981761348253e-02
    4.7236154742348740e-02 -9.2129723519957068e+01
    -9.5979884011316031e+01 3.4572415034191204e+02
    -3.2926374747107745e-01 2.5060266652065157e-02
    6.5002136031194993e-02 -9.5197537162112511e+01
    -5.7634986962946684e+01 3.8349058023593193e+02
    -3.1994058200318221e-01 1.2251297924118167e-02
    6.0062740894921363e-02 -9.8632284999948155e+01
    -5.9327443019598988e+01 3.8097888146822032e+02
    -3.0556901256411334e-01 -4.5114511873857160e-03
    4.9324908246352418e-02 -1.0800247585361203e+02
    -6.9939250603073361e+01 3.7485500983196471e+02
    -2.8108940143024347e-01 -2.0000556717897692e-02
    3.8454359679167265e-02 -1.1725671531236966e+02
    -7.5429316744368890e+01 3.6941615517599274e+02
    -3.2712006975758179e-01 -2.4339546923106267e-01
    5.5473122713778973e-02 -1.2284075741158763e+02
    -6.6450362759650901e+01 3.3417381137538678e+02
    -2.8005804086778735e-01 -2.8573213010805676e-01
    -1.4951476202775396e-01 -8.1101528724578770e+01
    -6.6914160101665061e+01 3.0283303430956988e+02
    -3.7533172544528171e-01 -4.7789749298875867e-01
    -1.7618286404708675e-01 -1.3181243524880492e+02
    -8.1399780213955154e+01 3.5571695554622272e+02
    -3.5917845100092322e-01 -4.9101596208554799e-01
    -1.8564187943956709e-01 -1.2767148323931349e+02
    -9.0614805820990057e+01 3.5217434371833247e+02
    -3.8830355073223105e-01 -1.0658219620167382e-01
    -2.0197149651457902e-01 -1.3480666469501924e+02
    -8.0795962748819150e+01 3.9508303195127445e+02
    -3.1015855118387647e-01 4.8784258135717085e-01
    1.5447863870875703e-01 -5.7344338968658398e+01
    -1.0834585969832561e+02 4.3916404686270994e+02
    -3.1843812758700879e-01 4.8059871382645630e-01
    1.6705845499746447e-01 -3.8589972465909632e+01
    -9.5259289606856228e+01 4.4446734028808231e+02
    -3.2989811005578046e-01 4.4867423787296201e-01
    1.4160777096388902e-01 -5.9222586352370577e+01
    -8.5899638109680495e+01 4.4745694191556083e+02
    -2.9815109840541276e-01 4.5560029746174829e-01
    9.9328362155116451e-02 -6.9810514693502739e+01
    -9.2940421831157948e+01 4.4245291964668650e+02
    -8.0878893565217380e-01 4.7609923394760875e-02
    -5.8035633992755659e-02 -1.0950776005869383e+02
    -1.2496273629343792e+01 3.8083731631608862e+02
    -7.3551299783046009e-01 1.6583256371239657e-01
    5.9513361698026332e-02 -7.9982565212570762e+01
    -6.5620248212712681e+01 3.8121248716374606e+02
    -7.3795537337938932e-01 1.6103043919934523e-01
    5.8706509202763581e-02 -7.3764942112886914e+01
    -6.1153441401797735e+01 3.7973328934732120e+02
    -2.9677799425196416e-01 9.8925857882547583e-02
    5.0148671805332980e-02 -9.5148906270509826e+01
    -6.3722710845349312e+01 3.0734820675003459e+02
    3.5763479096822992e-01 7.2993113309436600e-02
    -3.3827271299322367e-03 -1.0006249765329127e+02
    -3.9469293355532329e+01 2.6908503320928185e+02
    6.4687971393596400e-01 -6.9248010957464023e-02
    -9.8289419750044502e-02 -1.0789910738180518e+02
    -2.8822308414235934e+01 2.4177562282817445e+02
    5.2469121228855997e-01 -3.9187264298364333e-02
    -1.7594187837742037e-01 -1.0070685029017635e+02
    -6.2871104936664509e+01 3.4697907667065789e+02
    4.6556498626049919e-01 -3.9710147024888773e-02
    -2.1734955268012932e-01 -1.0192737287981939e+02
    -6.0558990817598087e+01 3.8213689250730596e+02
    4.9244915965957797e-01 -5.9320656740363208e-02
    -1.3891986922098870e-01 -1.2773974217443411e+02
    -4.9980213581032899e+01 2.9193819909729956e+02
    2.5315056334805036e-01 -5.7778212869850779e-03
    -1.3440055805876050e-01 -1.3233225113669650e+02
    -5.2933607500470345e+01 4.6361211137103214e+02</data></Extrinsic_Parameters>
